TABVLAE·

Motus attractus Nudo· Lunae 446 fhtgulos 4444ιί δῖα, Mus
ad Epocm Longu. a 6.

4 Βία lumin· rebmfiuz 61446444 Aprili· Mnju 144ιί444
*H'÷n·÷u⁸÷1v÷nh÷w

 

‹333232'133 469646 4944 6694864ιῖ4 ὀἷ4

9649 48 4849 464944 494094 4449944497 9

43ηῃήη9ώῴηη7μημηυημ
499048 484498 4644 0 49 44044 4944449044

mmnwflfflffiwwntwnmxumm
wu7w5flwfiwufflynnwuuw
wpffiwzfflwnssuuwnmwnum-
44 44 44 44 44 46 46 44 ¹⁸ 44 44 44 44 46 44 44 44 44
8 w³4u 9464 6444 4464444484444
ψμηημμώηῴῃῃηηω7υμβ

40 49 48 44 474944 46 4046 4444 46 44 69744 48 47

44 4444 4 444644 464444 4444 444 446444446
44 494494 474444 464449 44499944 04644446

44 49 4844 474044 46 44 44 44444444 974944 48 99
444444 4444 4 46 ⁸ 4 444444 444444444444

494440 474994 46 499 444649 4494 4444494

49 940 474040 46 444 444944 44479944 944

29 444444449494444 4440 444444444 649

48 49 448 474449 499944 444694 44449444 9 4

49 48 9948 4744 8 499440 44 44 40144 48 44 40 99 94

40 48 96 47 47 47 97 4948 99 44 40 40 44 49 4040 9644

44 48 44 44 444446 44 4444 44 444 4444 44444 30

44 48 90 6 4744 46 4944 98 44 4 844 484940 9049

44 484699 47 849 49 9948 44 098 44 49 494047 9

47 949 494647 44 97474444 484044 98

44 484444 44 4 44444 644 4446 44 4444444444

489744 469894 49 4996 49 94 4644 46 7404747

484444 469944 49 46 44 49 48 49 44 44 96140 94 46

4694 44 49 49 44 49 49 944 9494094 46

494044 49449444 6494048 st

44 44 44144 48 44 44 44444 44 44ἷ
4

484440 49 14 44 0 44

Α menfibus Jauuario et Februario mni biffextiliu [unitur pto die 6444
dies praecedens.

 

