507 .

22222422

Motus directus Noai Lunae ad singulos annidies, addendus
ad Epocham Longit. Ω C.

Dies Julius Angustus September October Novembr. December

1 202144 26 42 24 22 444 22 2222 22 22 22 22 22 26
2 292833 2849 3 27 233 232624 23474422 22 23
3 292322 283632 263823 2323 423443322 924
4 292222 283342 263322 232933 23422322 6 4
3 2ο 9 1 283932 2632 2 232642 23382222 233
629 339 282722 264832 232332 2333 2223943
729 249 282429 264349 232922 233232223632
8 293929 282939 264229 23 729 2328492233 22
9293628 282749 263929 23 4 9232339223922
2ο 2933 8 282438 2636 8 ¹5 949 2322292247 9
22 294937 282227 263238 243738 2329 9224349
22 294647 28 827 26 2947 24 3428 23 23 3822 49 394
23 294336 28 3 6 262636 2432 27 23 224722 3728
24 294923 28 233 262326 2448 623 937223427
22 222222 222342 262222 24442622 62622222
161934417553416174144124513315112756
22 222222 222224 262224 242822 22 2 2222446
18 19 2742 174913 161043 14 35 24 ¹2 56 5411 ²¹ 35
19 292432 2746 2 26 732 243223 22334322 2824
2ο 292222 274232 26 422 2429 322393322 23 24
22 292822 273942 26 222 242332 22472222 22 3
22 2923 9 273639 2338 2 242242 22442222 832
23 292239 273329 233439 2429322242 222 342
24 29 839 2739 9 2332 39 242629 22373922 232
²5 29 328 272638 234829 2423 9223449293929
26 29 228 27 23 48 2343 28 24 939 22 32 2929 36 29
27 2839 7 272937 2342 724 648 22 28282932 39
28 28 22 26 22 22 22 22 2122 24-226 22 22 2224242
29 283246 272426 233346 24 927 2222 37294638
39 284933 2722 323 32 33 23 37 26 22 28462943 27
22 214624 22 222

 

